[StuckRects3]
Settings=30 00 00 00 FE FF FF FF 02 00 00 00 03 00 00 00 3E 00 00 00 28 00 00 00 00 00 00 00 10 04 00 00 80 07 00 00 38 04 00 00 60 00 00 00 01 00 00 00
[MMStuckRects3]
FUS07DF#5&f50eedb&0&UID256=30 00 00 00 FE FF FF FF 00 00 00 00 03 00 00 00 3E 00 00 00 28 00 00 00 00 00 00 00 00 00 00 00 00 00 00 00 00 00 00 00 60 00 00 00 01 00 00 00
HWP265C#5&f50eedb&0&UID256=30 00 00 00 FE FF FF FF 00 00 00 00 03 00 00 00 3E 00 00 00 28 00 00 00 00 00 00 00 00 00 00 00 00 00 00 00 00 00 00 00 60 00 00 00 01 00 00 00
AGO0001#5&2aa06193&0&UID522=30 00 00 00 FE FF FF FF 00 00 00 00 03 00 00 00 3E 00 00 00 28 00 00 00 00 00 00 00 00 00 00 00 00 00 00 00 00 00 00 00 60 00 00 00 01 00 00 00
FUS07DF#5&2aa06193&0&UID522=30 00 00 00 FE FF FF FF 00 00 00 00 03 00 00 00 3E 00 00 00 28 00 00 00 00 00 00 00 00 00 00 00 00 00 00 00 00 00 00 00 60 00 00 00 01 00 00 00
MDA0238#5&2aa06193&0&UID521=30 00 00 00 FE FF FF FF 00 00 00 00 03 00 00 00 3E 00 00 00 20 00 00 00 00 00 00 00 00 00 00 00 00 00 00 00 00 00 00 00 60 00 00 00 01 00 00 00
LOCALDISPLAY(1920,0,2944,768)=30 00 00 00 FE FF FF FF 00 00 00 00 03 00 00 00 3E 00 00 00 28 00 00 00 00 00 00 00 00 00 00 00 00 00 00 00 00 00 00 00 60 00 00 00 01 00 00 00
LOCALDISPLAY(1024,0,2944,1080)=30 00 00 00 FE FF FF FF 00 00 00 00 03 00 00 00 3E 00 00 00 28 00 00 00 00 00 00 00 00 00 00 00 00 00 00 00 00 00 00 00 60 00 00 00 01 00 00 00
MDA0238#1&8713bca&0&UID0=30 00 00 00 FE FF FF FF 00 00 00 00 03 00 00 00 3E 00 00 00 28 00 00 00 00 00 00 00 00 00 00 00 00 00 00 00 00 00 00 00 60 00 00 00 01 00 00 00
Default_Monitor#5&f50eedb&0&UID256=30 00 00 00 FE FF FF FF 00 00 00 00 03 00 00 00 3E 00 00 00 28 00 00 00 00 00 00 00 00 00 00 00 00 00 00 00 00 00 00 00 60 00 00 00 01 00 00 00
